model  =  proj_rotz_exp1_asym
 
     a0 =      -4.414112E-003  ±       7.203168E-006          rad
     xo =       4.462563E+002  ±       2.650510E-002           px
     yo =       6.604667E+002  ±       3.283587E-002           px
     xz =       4.449952E+002  ±       8.601222E-003           px
     yz =       6.686060E+002  ±       1.078781E-002           px
      v =       2.897759E-003  ±       1.374999E-007       rad/px
      s =       3.241961E-003  ±       1.903147E-006          rad
      d =       8.833982E-003  ±       2.222154E-006         1/px
      j =       5.630610E-004  ±       1.071279E-005            /
    phi =       2.547102E+000  ±       2.022280E-002          rad
