model  =  proj_rotz_exp1_asym
 
     a0 =       2.087274E-003  ±       2.764939E-006          rad
     xo =       4.787289E+002  ±       1.199016E-002           px
     yo =       6.476782E+002  ±       1.434888E-002           px
     xz =       4.776724E+002  ±       4.346206E-003           px
     yz =       6.458260E+002  ±       5.121971E-003           px
      v =       2.905861E-003  ±       6.439484E-008       rad/px
      s =       2.680755E-003  ±       6.500581E-007          rad
      d =       9.252607E-003  ±       9.616005E-007         1/px
      j =       1.190068E-003  ±       4.561775E-006            /
    phi =       5.838264E+000  ±       4.296187E-003          rad
