model  =  proj_rotz_exp1_asym
 
     a0 =       8.741828E-002  ±       3.584982E-006          rad
     xo =       5.404992E+002  ±       1.189409E-002           px
     yo =       6.572865E+002  ±       1.338810E-002           px
     xz =       5.440944E+002  ±       4.212594E-003           px
     yz =       6.623422E+002  ±       4.646069E-003           px
      v =       2.906407E-003  ±       5.655975E-008       rad/px
      s =       2.522059E-003  ±       5.840274E-007          rad
      d =       9.417494E-003  ±       9.617445E-007         1/px
      j =       4.126528E-004  ±       3.761817E-006            /
    phi =       3.124287E+000  ±       1.002324E-002          rad
