model  =  proj_rotz_exp1_asym
 
     a0 =      -1.885130E-002  ±       4.765003E-006          rad
     xo =       5.115610E+002  ±       1.705587E-002           px
     yo =       6.472106E+002  ±       1.892459E-002           px
     xz =       5.172106E+002  ±       5.271485E-003           px
     yz =       6.500935E+002  ±       6.012852E-003           px
      v =       2.908371E-003  ±       8.115398E-008       rad/px
      s =       2.739222E-003  ±       9.803761E-007          rad
      d =       9.248531E-003  ±       1.352591E-006         1/px
      j =       5.095119E-004  ±       6.672594E-006            /
    phi =       4.796824E+000  ±       1.410102E-002          rad
