model  =  proj_rotz_exp1_asym
 
     a0 =       1.800415E-001  ±       7.777515E-006          rad
     xo =       4.614489E+002  ±       1.755390E-002           px
     yo =       6.495706E+002  ±       2.084805E-002           px
     xz =       4.612508E+002  ±       5.120646E-003           px
     yz =       6.470339E+002  ±       6.237201E-003           px
      v =       2.931897E-003  ±       9.012746E-008       rad/px
      s =       3.151897E-003  ±       1.261001E-006          rad
      d =       8.924626E-003  ±       1.543862E-006         1/px
      j =       7.444749E-004  ±       6.855671E-006            /
    phi =       4.126969E+000  ±       1.046949E-002          rad
