model  =  proj_rotz_exp1_asym
 
     a0 =       3.164659E+000  ±       3.416719E-005          rad
     xo =       5.088240E+002  ±       2.435308E-002           px
     yo =       6.748193E+002  ±       2.845737E-002           px
     xz =       5.104164E+002  ±       8.015929E-003           px
     yz =       6.761256E+002  ±       9.500751E-003           px
      v =       2.947061E-003  ±       1.247819E-007       rad/px
      s =       2.639807E-003  ±       1.315159E-006          rad
      d =       9.347009E-003  ±       2.004343E-006         1/px
      j =       1.070129E-003  ±       8.631212E-006            /
    phi =       6.239017E+000  ±       9.562217E-003          rad
