model  =  proj_rotz_exp1_asym
 
     a0 =      -1.313145E-001  ±       6.268104E-006          rad
     xo =       5.287853E+002  ±       1.799670E-002           px
     yo =       6.090336E+002  ±       1.948016E-002           px
     xz =       5.287214E+002  ±       5.849983E-003           px
     yz =       6.197698E+002  ±       6.465712E-003           px
      v =       2.903507E-003  ±       8.752926E-008       rad/px
      s =       3.459958E-003  ±       1.231121E-006          rad
      d =       8.694710E-003  ±       1.401160E-006         1/px
      j =       1.344132E-004  ±       5.404929E-006            /
    phi =       3.418508E+000  ±       4.416966E-002          rad
