model  =  proj_rotz_exp1_asym
 
     a0 =       1.806526E-001  ±       7.384356E-006          rad
     xo =       5.112567E+002  ±       2.029611E-002           px
     yo =       6.396392E+002  ±       2.196329E-002           px
     xz =       5.176044E+002  ±       6.009996E-003           px
     yz =       6.363764E+002  ±       6.749650E-003           px
      v =       2.921853E-003  ±       9.306272E-008       rad/px
      s =       3.193811E-003  ±       1.392258E-006          rad
      d =       8.855531E-003  ±       1.692452E-006         1/px
      j =       9.313384E-004  ±       7.173162E-006            /
    phi =       5.050500E+000  ±       9.655152E-003          rad
