model  =  proj_rotz_exp1_asym
 
     a0 =       4.724995E-001  ±       1.170329E-005          rad
     xo =       5.405326E+002  ±       2.245466E-002           px
     yo =       6.686129E+002  ±       2.617835E-002           px
     xz =       5.398490E+002  ±       6.002274E-003           px
     yz =       6.648665E+002  ±       6.824072E-003           px
      v =       2.918721E-003  ±       9.999133E-008       rad/px
      s =       2.913019E-003  ±       1.566109E-006          rad
      d =       9.183297E-003  ±       2.015493E-006         1/px
      j =       1.320087E-003  ±       9.012490E-006            /
    phi =       2.931924E+000  ±       8.130338E-003          rad
