model  =  proj_rotz_exp1_asym
 
     a0 =      -5.947983E-003  ±       3.867974E-006          rad
     xo =       5.159933E+002  ±       1.586149E-002           px
     yo =       6.606481E+002  ±       1.978674E-002           px
     xz =       5.196827E+002  ±       4.852267E-003           px
     yz =       6.564246E+002  ±       5.668512E-003           px
      v =       2.862133E-003  ±       7.565584E-008       rad/px
      s =       2.965995E-003  ±       1.075981E-006          rad
      d =       8.920286E-003  ±       1.330315E-006         1/px
      j =       1.862149E-003  ±       7.580431E-006            /
    phi =       1.504056E+000  ±       3.794984E-003          rad
