model  =  proj_rotz_exp1_asym
 
     a0 =      -7.247528E-002  ±       8.842221E-006          rad
     xo =       4.788799E+002  ±       2.462798E-002           px
     yo =       6.541923E+002  ±       2.745962E-002           px
     xz =       4.787099E+002  ±       8.112673E-003           px
     yz =       6.584942E+002  ±       9.464898E-003           px
      v =       2.908272E-003  ±       1.229488E-007       rad/px
      s =       3.466592E-003  ±       1.882971E-006          rad
      d =       8.582691E-003  ±       2.015286E-006         1/px
      j =       5.503975E-004  ±       9.702668E-006            /
    phi =       1.048751E+000  ±       1.798835E-002          rad
