model  =  proj_rotz_exp1_asym
 
     a0 =       3.713012E-001  ±       1.740886E-005          rad
     xo =       4.856667E+002  ±       3.971399E-002           px
     yo =       6.433127E+002  ±       4.357148E-002           px
     xz =       4.994721E+002  ±       9.944986E-003           px
     yz =       6.359753E+002  ±       1.118750E-002           px
      v =       2.865832E-003  ±       1.760575E-007       rad/px
      s =       5.165924E-003  ±       4.983815E-006          rad
      d =       7.667935E-003  ±       3.559120E-006         1/px
      j =       1.135487E-003  ±       1.547896E-005            /
    phi =       3.287012E+000  ±       1.396278E-002          rad
