model  =  proj_rotz_exp1_asym
 
     a0 =       3.603517E-001  ±       9.428973E-006          rad
     xo =       5.037620E+002  ±       1.723614E-002           px
     yo =       6.618959E+002  ±       2.098343E-002           px
     xz =       5.110838E+002  ±       6.837442E-003           px
     yz =       6.634397E+002  ±       7.892345E-003           px
      v =       2.912671E-003  ±       9.338597E-008       rad/px
      s =       2.487820E-003  ±       8.442029E-007          rad
      d =       9.429906E-003  ±       1.328151E-006         1/px
      j =       2.788050E-003  ±       7.927375E-006            /
    phi =       5.316039E+000  ±       2.980983E-003          rad
