model  =  proj_rotz_exp1_asym
 
     a0 =       3.602041E-001  ±       8.529033E-006          rad
     xo =       5.042301E+002  ±       1.598034E-002           px
     yo =       6.615650E+002  ±       1.860887E-002           px
     xz =       5.116428E+002  ±       6.684469E-003           px
     yz =       6.629177E+002  ±       7.767107E-003           px
      v =       2.916399E-003  ±       8.694669E-008       rad/px
      s =       2.295637E-003  ±       6.673085E-007          rad
      d =       9.600311E-003  ±       1.167546E-006         1/px
      j =       2.879068E-003  ±       6.695379E-006            /
    phi =       5.310106E+000  ±       2.570093E-003          rad
