model  =  proj_rotz_exp1_asym
 
     a0 =      -1.775688E-002  ±       5.182786E-006          rad
     xo =       4.006567E+002  ±       1.676868E-002           px
     yo =       5.836503E+002  ±       2.098828E-002           px
     xz =       3.992165E+002  ±       4.441992E-003           px
     yz =       5.823944E+002  ±       5.519652E-003           px
      v =       2.866625E-003  ±       8.240090E-008       rad/px
      s =       2.806403E-003  ±       1.277594E-006          rad
      d =       9.038080E-003  ±       1.687818E-006         1/px
      j =       3.502871E-004  ±       6.935677E-006            /
    phi =       3.339195E+000  ±       2.685885E-002          rad
