model  =  proj_rotz_exp1_asym
 
     a0 =       3.602323E-001  ±       7.791335E-006          rad
     xo =       5.126309E+002  ±       1.686662E-002           px
     yo =       6.725134E+002  ±       1.965725E-002           px
     xz =       5.134393E+002  ±       4.820111E-003           px
     yz =       6.774631E+002  ±       5.690375E-003           px
      v =       2.898889E-003  ±       7.974111E-008       rad/px
      s =       3.262169E-003  ±       1.213945E-006          rad
      d =       8.820725E-003  ±       1.448383E-006         1/px
      j =       5.994848E-004  ±       6.110716E-006            /
    phi =       1.494971E+000  ±       9.491894E-003          rad
