model  =  proj_rotz_exp1_asym
 
     a0 =      -1.392595E-002  ±       2.540585E-006          rad
     xo =       5.256299E+002  ±       1.027374E-002           px
     yo =       6.825643E+002  ±       1.211090E-002           px
     xz =       5.263641E+002  ±       3.706948E-003           px
     yz =       6.868845E+002  ±       4.317382E-003           px
      v =       2.900462E-003  ±       5.093412E-008       rad/px
      s =       2.504654E-003  ±       5.005913E-007          rad
      d =       9.359732E-003  ±       8.090503E-007         1/px
      j =       2.579950E-004  ±       3.668594E-006            /
    phi =       1.803582E+000  ±       1.298258E-002          rad
