model  =  proj_rotz_exp1_asym
 
     a0 =      -1.808438E-001  ±       5.779236E-006          rad
     xo =       4.702111E+002  ±       1.575578E-002           px
     yo =       5.874205E+002  ±       1.738866E-002           px
     xz =       4.734572E+002  ±       4.984581E-003           px
     yz =       5.866409E+002  ±       5.614912E-003           px
      v =       2.871699E-003  ±       7.937462E-008       rad/px
      s =       3.103631E-003  ±       1.004001E-006          rad
      d =       8.838725E-003  ±       1.299678E-006         1/px
      j =       6.538099E-004  ±       5.226932E-006            /
    phi =       3.013276E+000  ±       9.009352E-003          rad
