model  =  proj_rotz_exp1_asym
 
     a0 =       2.760311E-001  ±       8.818652E-006          rad
     xo =       4.895018E+002  ±       2.074475E-002           px
     yo =       6.734956E+002  ±       2.425033E-002           px
     xz =       4.886532E+002  ±       6.283294E-003           px
     yz =       6.726606E+002  ±       7.550624E-003           px
      v =       2.869716E-003  ±       9.868593E-008       rad/px
      s =       2.886849E-003  ±       1.255434E-006          rad
      d =       8.952977E-003  ±       1.735998E-006         1/px
      j =       8.043479E-004  ±       6.977325E-006            /
    phi =       2.703222E+000  ±       9.553094E-003          rad
