model  =  proj_rotz_exp1_asym
 
     a0 =      -5.979415E-002  ±       8.238515E-006          rad
     xo =       5.090645E+002  ±       2.688305E-002           px
     yo =       6.713533E+002  ±       3.236761E-002           px
     xz =       5.171451E+002  ±       7.712448E-003           px
     yz =       6.607138E+002  ±       9.171279E-003           px
      v =       2.889763E-003  ±       1.263441E-007       rad/px
      s =       5.430992E-003  ±       3.214500E-006          rad
      d =       7.669588E-003  ±       2.256524E-006         1/px
      j =       7.734575E-004  ±       9.141374E-006            /
    phi =       2.956989E+000  ±       1.150228E-002          rad
