model  =  proj_rotz_exp1_asym
 
     a0 =       6.328492E-002  ±       3.165564E-006          rad
     xo =       5.116959E+002  ±       1.019136E-002           px
     yo =       6.789107E+002  ±       1.164573E-002           px
     xz =       5.062507E+002  ±       3.928230E-003           px
     yz =       6.768593E+002  ±       4.584939E-003           px
      v =       2.925990E-003  ±       5.426424E-008       rad/px
      s =       2.524048E-003  ±       4.615725E-007          rad
      d =       9.453943E-003  ±       7.757657E-007         1/px
      j =       5.612095E-004  ±       3.520666E-006            /
    phi =       1.322275E+000  ±       6.029774E-003          rad
