model  =  proj_rotz_exp1_asym
 
     a0 =       6.333485E-002  ±       4.715370E-006          rad
     xo =       4.398893E+002  ±       1.459167E-002           px
     yo =       6.614580E+002  ±       1.897638E-002           px
     xz =       4.425723E+002  ±       5.292941E-003           px
     yz =       6.525111E+002  ±       6.705556E-003           px
      v =       2.928246E-003  ±       8.559891E-008       rad/px
      s =       2.547388E-003  ±       7.630930E-007          rad
      d =       9.405323E-003  ±       1.274641E-006         1/px
      j =       5.270192E-004  ±       5.073438E-006            /
    phi =       1.043188E+000  ±       1.035251E-002          rad
