model  =  proj_rotz_exp1_asym
 
     a0 =      -2.281534E-002  ±       4.348506E-006          rad
     xo =       4.849528E+002  ±       1.660380E-002           px
     yo =       6.712789E+002  ±       1.985843E-002           px
     xz =       4.860311E+002  ±       5.422496E-003           px
     yz =       6.699260E+002  ±       6.492525E-003           px
      v =       2.926091E-003  ±       8.499204E-008       rad/px
      s =       2.969904E-003  ±       1.051246E-006          rad
      d =       9.061056E-003  ±       1.420051E-006         1/px
      j =       2.100613E-003  ±       6.262534E-006            /
    phi =       3.650929E+000  ±       3.522162E-003          rad
