model  =  proj_rotz_exp1_asym
 
     a0 =       4.522731E-001  ±       9.903492E-006          rad
     xo =       4.823784E+002  ±       1.815010E-002           px
     yo =       6.395566E+002  ±       2.079253E-002           px
     xz =       4.860275E+002  ±       6.032298E-003           px
     yz =       6.340775E+002  ±       7.050684E-003           px
      v =       2.862270E-003  ±       8.779171E-008       rad/px
      s =       2.484461E-003  ±       9.258573E-007          rad
      d =       9.242257E-003  ±       1.442243E-006         1/px
      j =       1.778858E-003  ±       7.293937E-006            /
    phi =       4.781256E+000  ±       4.405824E-003          rad
