model  =  proj_rotz_exp1_asym
 
     a0 =       1.448692E-001  ±       5.853836E-006          rad
     xo =       5.116758E+002  ±       1.587991E-002           px
     yo =       5.958934E+002  ±       1.644720E-002           px
     xz =       5.107394E+002  ±       5.670753E-003           px
     yz =       5.929915E+002  ±       6.199520E-003           px
      v =       2.930527E-003  ±       7.900061E-008       rad/px
      s =       2.313182E-003  ±       6.846596E-007          rad
      d =       9.631101E-003  ±       1.204243E-006         1/px
      j =       1.681354E-003  ±       5.668885E-006            /
    phi =       1.020415E+000  ±       4.382600E-003          rad
