model  =  proj_rotz_exp1_asym
 
     a0 =       8.640486E-002  ±       7.447121E-006          rad
     xo =       4.766583E+002  ±       2.067775E-002           px
     yo =       6.534333E+002  ±       2.539436E-002           px
     xz =       4.727802E+002  ±       6.017568E-003           px
     yz =       6.512626E+002  ±       7.185084E-003           px
      v =       2.896992E-003  ±       1.020114E-007       rad/px
      s =       3.061547E-003  ±       1.536092E-006          rad
      d =       8.886769E-003  ±       1.836311E-006         1/px
      j =       1.045683E-003  ±       8.482328E-006            /
    phi =       3.102021E+000  ±       9.748485E-003          rad
