model  =  proj_rotz_exp1_asym
 
     a0 =       1.831734E-001  ±       1.092102E-005          rad
     xo =       5.064037E+002  ±       2.500171E-002           px
     yo =       6.408078E+002  ±       2.782487E-002           px
     xz =       5.053162E+002  ±       7.395335E-003           px
     yz =       6.349283E+002  ±       8.577654E-003           px
      v =       2.911191E-003  ±       1.204635E-007       rad/px
      s =       3.363033E-003  ±       1.810138E-006          rad
      d =       8.696401E-003  ±       2.073590E-006         1/px
      j =       7.824412E-004  ±       9.432944E-006            /
    phi =       2.885807E+000  ±       1.378827E-002          rad
