model  =  proj_rotz_exp1_asym
 
     a0 =      -2.858947E-002  ±       2.630304E-006          rad
     xo =       3.977537E+002  ±       8.632289E-003           px
     yo =       6.253125E+002  ±       1.060529E-002           px
     xz =       3.967950E+002  ±       3.029031E-003           px
     yz =       6.257529E+002  ±       3.938375E-003           px
      v =       2.882927E-003  ±       4.805164E-008       rad/px
      s =       2.124353E-003  ±       3.947148E-007          rad
      d =       9.644568E-003  ±       7.477799E-007         1/px
      j =       6.810906E-004  ±       3.567370E-006            /
    phi =       2.803604E+000  ±       5.338457E-003          rad
