model  =  proj_rotz_exp1_asym
 
     a0 =       5.468606E-002  ±       3.497036E-006          rad
     xo =       5.479340E+002  ±       1.215062E-002           px
     yo =       6.587569E+002  ±       1.364621E-002           px
     xz =       5.406180E+002  ±       4.065492E-003           px
     yz =       6.599294E+002  ±       4.549620E-003           px
      v =       2.879380E-003  ±       5.787786E-008       rad/px
      s =       2.566721E-003  ±       5.989185E-007          rad
      d =       9.258180E-003  ±       9.418598E-007         1/px
      j =       7.187078E-004  ±       3.858315E-006            /
    phi =       3.143201E-001  ±       6.884643E-003          rad
