model  =  proj_rotz_exp1_asym
 
     a0 =        2.549089E-01  ±        2.024945E-05          rad
     xo =        4.859818E+02  ±        4.563052E-02           px
     yo =        6.323221E+02  ±        5.380592E-02           px
     xz =        4.845688E+02  ±        1.555832E-02           px
     yz =        6.359796E+02  ±        1.822456E-02           px
      v =        2.914310E-03  ±        2.422605E-07       rad/px
      s =        2.706049E-03  ±        2.564010E-06          rad
      d =        9.209921E-03  ±        3.853110E-06         1/px
      j =        3.958048E-04  ±        1.389702E-05            /
    phi =        3.610406E+00  ±        4.210962E-02          rad
