model  =  proj_rotz_exp1_asym
 
     a0 =      -2.861838E-002  ±       2.797899E-006          rad
     xo =       3.980721E+002  ±       9.193460E-003           px
     yo =       6.258474E+002  ±       1.130628E-002           px
     xz =       3.969567E+002  ±       3.382736E-003           px
     yz =       6.262565E+002  ±       4.415287E-003           px
      v =       2.884046E-003  ±       5.173396E-008       rad/px
      s =       2.074813E-003  ±       3.976785E-007          rad
      d =       9.692253E-003  ±       7.808352E-007         1/px
      j =       7.554485E-004  ±       3.774610E-006            /
    phi =       2.662095E+000  ±       4.539501E-003          rad
