model  =  proj_rotz_exp1_asym
 
     a0 =      -2.238483E-001  ±       6.578809E-006          rad
     xo =       4.856505E+002  ±       1.523990E-002           px
     yo =       6.664576E+002  ±       1.769256E-002           px
     xz =       4.802271E+002  ±       5.646286E-003           px
     yz =       6.672606E+002  ±       6.723883E-003           px
      v =       2.907440E-003  ±       7.966885E-008       rad/px
      s =       2.418277E-003  ±       7.177960E-007          rad
      d =       9.421393E-003  ±       1.195034E-006         1/px
      j =       9.207595E-004  ±       5.417398E-006            /
    phi =       3.288502E+000  ±       7.267257E-003          rad
