model  =  proj_rotz_exp1_asym
 
     a0 =      -2.721776E-002  ±       1.918523E-005          rad
     xo =       5.508843E+002  ±       6.396944E-002           px
     yo =       6.225900E+002  ±       6.817022E-002           px
     xz =       5.664714E+002  ±       2.065455E-002           px
     yz =       6.067593E+002  ±       2.188382E-002           px
      v =       2.920032E-003  ±       3.037687E-007       rad/px
      s =       3.097897E-003  ±       3.910467E-006          rad
      d =       8.960686E-003  ±       5.010376E-006         1/px
      j =       1.574139E-003  ±       2.378788E-005            /
    phi =       1.422722E+000  ±       1.545948E-002          rad
