model  =  proj_rotz_exp1_asym
 
     a0 =       5.348818E-002  ±       5.552617E-006          rad
     xo =       5.386034E+002  ±       1.974784E-002           px
     yo =       6.535693E+002  ±       2.144499E-002           px
     xz =       5.336233E+002  ±       7.003798E-003           px
     yz =       6.529083E+002  ±       7.832215E-003           px
      v =       2.900379E-003  ±       9.794969E-008       rad/px
      s =       2.742843E-003  ±       9.927754E-007          rad
      d =       9.187656E-003  ±       1.463311E-006         1/px
      j =       6.347332E-004  ±       6.223404E-006            /
    phi =       3.901873E+000  ±       1.211079E-002          rad
