model  =  proj_rotz_exp1_asym
 
     a0 =       3.114489E-001  ±       8.906404E-006          rad
     xo =       5.306639E+002  ±       1.910711E-002           px
     yo =       6.605381E+002  ±       2.150548E-002           px
     xz =       5.312131E+002  ±       6.375874E-003           px
     yz =       6.622899E+002  ±       7.331064E-003           px
      v =       2.959818E-003  ±       9.108786E-008       rad/px
      s =       1.695636E-003  ±       7.052467E-007          rad
      d =       1.024018E-002  ±       1.648674E-006         1/px
      j =       8.696638E-004  ±       7.025575E-006            /
    phi =       2.007776E+000  ±       8.512392E-003          rad
