model  =  proj_rotz_exp1_asym
 
     a0 =       1.432498E-001  ±       6.483783E-006          rad
     xo =       5.122371E+002  ±       1.791067E-002           px
     yo =       6.130487E+002  ±       2.043848E-002           px
     xz =       5.164872E+002  ±       5.993309E-003           px
     yz =       6.076259E+002  ±       6.594019E-003           px
      v =       2.875005E-003  ±       8.448828E-008       rad/px
      s =       2.549255E-003  ±       9.737747E-007          rad
      d =       9.194096E-003  ±       1.491785E-006         1/px
      j =       1.203108E-003  ±       6.995254E-006            /
    phi =       2.301001E+000  ±       6.499753E-003          rad
