model  =  proj_rotz_exp1_asym
 
     a0 =       8.959011E-001  ±       1.053423E-005          rad
     xo =       5.017671E+002  ±       1.462457E-002           px
     yo =       6.510132E+002  ±       1.636440E-002           px
     xz =       4.903856E+002  ±       5.158975E-003           px
     yz =       6.673403E+002  ±       6.160300E-003           px
      v =       2.925330E-003  ±       7.434793E-008       rad/px
      s =       2.852124E-003  ±       7.852186E-007          rad
      d =       9.133143E-003  ±       1.142724E-006         1/px
      j =       8.547954E-004  ±       4.622417E-006            /
    phi =       4.540932E+000  ±       6.158515E-003          rad
