model  =  proj_rotz_exp1_asym
 
     a0 =       2.442280E-001  ±       1.696283E-005          rad
     xo =       4.803484E+002  ±       3.967323E-002           px
     yo =       6.779724E+002  ±       5.126246E-002           px
     xz =       4.805007E+002  ±       1.236639E-002           px
     yz =       6.897546E+002  ±       1.581988E-002           px
      v =       2.886667E-003  ±       1.903843E-007       rad/px
      s =       3.572613E-003  ±       3.368901E-006          rad
      d =       8.475411E-003  ±       3.575427E-006         1/px
      j =       8.160624E-004  ±       1.650018E-005            /
    phi =       5.106629E+000  ±       2.011081E-002          rad
