model  =  proj_rotz_exp1_asym
 
     a0 =      -2.778783E-002  ±       6.699678E-006          rad
     xo =       5.510360E+002  ±       2.111092E-002           px
     yo =       6.224645E+002  ±       2.271050E-002           px
     xz =       5.661794E+002  ±       7.343774E-003           px
     yz =       6.064688E+002  ±       7.725987E-003           px
      v =       2.917334E-003  ±       1.019134E-007       rad/px
      s =       3.305183E-003  ±       1.319336E-006          rad
      d =       8.818684E-003  ±       1.569078E-006         1/px
      j =       1.631961E-003  ±       7.918547E-006            /
    phi =       1.451456E+000  ±       4.897180E-003          rad
