model  =  proj_rotz_exp1_asym
 
     a0 =       3.642055E-001  ±       8.809775E-006          rad
     xo =       4.436656E+002  ±       1.596312E-002           px
     yo =       6.374651E+002  ±       1.969056E-002           px
     xz =       4.425159E+002  ±       5.436837E-003           px
     yz =       6.374415E+002  ±       6.663370E-003           px
      v =       2.924349E-003  ±       8.695070E-008       rad/px
      s =       2.672715E-003  ±       9.357097E-007          rad
      d =       9.295111E-003  ±       1.417116E-006         1/px
      j =       8.788035E-004  ±       5.953768E-006            /
    phi =       6.443943E-001  ±       7.226197E-003          rad
