model  =  proj_rotz_exp1_asym
 
     a0 =      -2.303627E-002  ±       3.824522E-006          rad
     xo =       5.334150E+002  ±       1.578200E-002           px
     yo =       6.480218E+002  ±       1.874719E-002           px
     xz =       5.328989E+002  ±       5.291098E-003           px
     yz =       6.527451E+002  ±       6.036365E-003           px
      v =       2.891131E-003  ±       7.298756E-008       rad/px
      s =       2.759155E-003  ±       9.296144E-007          rad
      d =       9.142348E-003  ±       1.355767E-006         1/px
      j =       7.092648E-004  ±       5.810419E-006            /
    phi =       4.610804E+000  ±       8.049260E-003          rad
