model  =  proj_rotz_exp1_asym
 
     a0 =      -1.017913E-001  ±       6.965888E-006          rad
     xo =       5.193784E+002  ±       2.015252E-002           px
     yo =       6.125794E+002  ±       2.388514E-002           px
     xz =       5.147735E+002  ±       5.986063E-003           px
     yz =       6.170311E+002  ±       6.738533E-003           px
      v =       2.932948E-003  ±       9.279246E-008       rad/px
      s =       2.718849E-003  ±       1.259157E-006          rad
      d =       9.300116E-003  ±       1.806445E-006         1/px
      j =       9.366669E-004  ±       7.589884E-006            /
    phi =       3.684675E+000  ±       9.474718E-003          rad
