model  =  proj_rotz_exp1_asym
 
     a0 =       3.603829E-001  ±       1.240361E-005          rad
     xo =       5.130871E+002  ±       2.492625E-002           px
     yo =       6.700977E+002  ±       2.913389E-002           px
     xz =       5.139337E+002  ±       8.579540E-003           px
     yz =       6.750038E+002  ±       1.013723E-002           px
      v =       2.901984E-003  ±       1.294272E-007       rad/px
      s =       3.054960E-003  ±       1.495026E-006          rad
      d =       8.975761E-003  ±       1.945343E-006         1/px
      j =       6.797703E-004  ±       8.706268E-006            /
    phi =       1.568470E+000  ±       1.289678E-002          rad
