model  =  proj_rotz_exp1_asym
 
     a0 =      -1.154532E-001  ±       6.493634E-006          rad
     xo =       5.337966E+002  ±       1.807097E-002           px
     yo =       6.679437E+002  ±       1.988447E-002           px
     xz =       5.375282E+002  ±       5.544006E-003           px
     yz =       6.736793E+002  ±       6.402654E-003           px
      v =       2.900382E-003  ±       8.438963E-008       rad/px
      s =       2.755279E-003  ±       1.007844E-006          rad
      d =       9.181780E-003  ±       1.415237E-006         1/px
      j =       1.055571E-003  ±       6.734092E-006            /
    phi =       1.210319E+000  ±       7.039457E-003          rad
