model  =  proj_rotz_exp1_asym
 
     a0 =       3.949320E-002  ±       6.946290E-006          rad
     xo =       4.839729E+002  ±       2.507172E-002           px
     yo =       6.604407E+002  ±       2.722606E-002           px
     xz =       4.947418E+002  ±       8.129919E-003           px
     yz =       6.624942E+002  ±       9.394948E-003           px
      v =       2.911398E-003  ±       1.214954E-007       rad/px
      s =       2.834067E-003  ±       1.411329E-006          rad
      d =       9.096362E-003  ±       2.012781E-006         1/px
      j =       3.875018E-004  ±       8.196751E-006            /
    phi =       2.469915E+000  ±       2.233840E-002          rad
